20111210
20111209
20111208
20111207
20111206
20111205
20111204
20111203
20111202
20111201
20111130
20111129
20111128
20111127
20111126
20111125
20111124
20111123
20111122
20111121
20111120
20111119
20111118
20111117
20111116
20111115
20111114
20111113
20111112
20111111
20111110
20111109
20111108
20111107
20111106
20111105
20111104
20111103
20111102
20111101
20111031
20111030
20111029
20111028
20111027
20111026
20111025
20111024
20111023
20111022
20111021
20111020
20111019
20111018
20111017
20111016
20111015
20111014
20111013
20111012
20111011
20111010
20111009
20111008
20111007
20111006
20111005
20111004
20111003
20111002
20111001
20110930
20110929
20110928
20110927
20110926
20110925
20110924
20110923
20110922
20110921
20110920
20110919
20110918
20110917
20110916
20110915
20110914
20110913
20110912
20110911
20110910
20110909
20110908
20110907
20110906
20110905
20110904
20110903
20110902
20110901
20110831
20110830
20110829
20110828
20110827
20110826
20110825
20110824
20110823
20110822
20110821
20110820
20110819
20110818
20110817
20110816
20110815
20110814
20110813
20110812
20110811
20110810
20110809
20110808
20110807
20110806
20110805
20110804
20110803
20110802
20110801
20110731
20110730
20110729
20110728
20110727
20110726
20110725
20110724
20110723
20110722
20110721
20110720
20110719
20110718
20110717
20110716
20110715
20110714
20110713
20110712
20110711
20110710
20110709
20110708
20110707
20110706
20110705
20110704
20110703
20110702
20110701
20110630
20110629
20110628
20110627
20110626
20110625
20110624
20110623
20110622
20110621
20110620
20110619
20110618
20110617
20110616
20110615
20110614
20110613
20110612
20110611
20110610
20110609
20110608
20110607
20110606
20110605
20110604
20110603
20110602
20110601
20110531
20110530
20110529
20110528
20110527
20110526
20110525
20110524
20110523
20110522
20110521
20110520
20110519
20110518
20110517
20110516
20110515
20110514
20110513
20110512
20110511
20110510
20110509
20110508
20110507
20110506
20110505
20110504
20110503
20110502
20110501
20110430
20110429
20110428
20110427
20110426
20110425
20110424
20110423
20110422
20110421
20110420
20110419
20110418
20110417
20110416
20110415
20110414
20110413
20110412
20110411
20110410
20110409
20110408
20110407
20110406
20110405
20110404
20110403
20110402
20110401
20110331
20110330
20110329
20110328
20110327
20110326
20110325
20110324
20110323
20110322
20110321
20110320
20110319
20110318
20110317
20110316
20110315
20110314
20110313
20110312
20110311
20110310
20110309
20110308
20110307
20110305
20110304
20110302
20110301
20110228
20110227
20110226
20110224
20110222
20110221
20110220
20110219
20110218
20110217
20110216
20110214
20110213
20110211
20110210
20110209
20110205
20110204
20110203
20110201
20110128
20110125
20110123
20110122
20110121
20110120
20110119
20110118
20110117
20110116
20110114
20110113
20110110
20110106
20110105
20110104
20110103
20110102
20101231
20101230
20101229
20101228
20101227
20101225
20101224
20101223
20101222
20101221
20101218
20101215
20101214
20101213
20101212
20101211
20101208
20101204
20101203
20101201
20101126
20101125
20101124
20101122
20101121
20101120
20101119
20101118
20101117
20101116
20101115
20101113
20101112
20101110
20101109
20101106
20101105
20101104
20101103
20101102
20101101
20101031
20101030
20101029
20101024
20101019
20101017
20101016
20101014
20101013
20101012
20101010
20101008
20101007
20101006
20101005
20101004
20101002
20101001
20100930
20100929
20100926
20100924
20100923
20100922
20100921
20100919
20100918
20100913
20100911
20100909
20100906
20100905
20100904
20100903
20100902
20100831
20100830
20100828
20100826
20100825
20100824
20100823
20100820
20100818
20100815
20100814
20100813
20100812
20100809
20100805
20100804
20100731
20100730
20100729
20100728
20100727
20100726
20100724
20100723
20100722
20100718
20100717
20100715
20100714
20100713
20100712
20100711
20100708
20100707
20100706
20100705
20100703
20100702
20100630
20100628
20100625
20100624
20100622
20100621
20100620
20100616
20100614
20100613
20100610
20100609
20100607
20100603
20100602
20100527
20100525
20100524
20100521
20100519
20100516
20100514
20100511
20100508
20100506
20100505
20100503
20100430
20100426
20100425
20100424
20100423
20100422
20100416
20100414
20100413
20100412
20100410
20100406
20100405
20100404
20100403
20100401
20100331
20100330
20100326
20100325
20100323
20100322
20100320
20100319
20100316
20100314
20100313
20100312
20100310
20100307
20100304
20100301
20100228
20100226
20100225
20100224
20100223
20100222
20100221
20100219
20100218
20100217
20100214
20100213
20100212
20100210
20100209
20100207
20100206
20100204
20100201
20100131
20100129
20100128
20100127
20100126
20100124
20100123
20100121
20100120
20100117
20100114
20100105
20100104
20100101
